maybe(1-1,[1,2,3,4,5,6,7,8,9]),
maybe(1-2,[1,2,3,4,5,6,7,8,9]),
given(1-3,6),
maybe(1-4,[1,2,3,4,5,6,7,8,9]),
given(1-5,5),
given(1-6,4),
maybe(1-7,[1,2,3,4,5,6,7,8,9]),
maybe(1-8,[1,2,3,4,5,6,7,8,9]),
maybe(1-9,[1,2,3,4,5,6,7,8,9]),
maybe(2-1,[1,2,3,4,5,6,7,8,9]),
given(2-2,7),
maybe(2-3,[1,2,3,4,5,6,7,8,9]),
maybe(2-4,[1,2,3,4,5,6,7,8,9]),
maybe(2-5,[1,2,3,4,5,6,7,8,9]),
given(2-6,8),
given(2-7,4),
maybe(2-8,[1,2,3,4,5,6,7,8,9]),
maybe(2-9,[1,2,3,4,5,6,7,8,9]),
maybe(3-1,[1,2,3,4,5,6,7,8,9]),
given(3-2,9),
maybe(3-3,[1,2,3,4,5,6,7,8,9]),
maybe(3-4,[1,2,3,4,5,6,7,8,9]),
maybe(3-5,[1,2,3,4,5,6,7,8,9]),
maybe(3-6,[1,2,3,4,5,6,7,8,9]),
given(3-7,1),
maybe(3-8,[1,2,3,4,5,6,7,8,9]),
maybe(3-9,[1,2,3,4,5,6,7,8,9]),
given(4-1,1),
maybe(4-2,[1,2,3,4,5,6,7,8,9]),
maybe(4-3,[1,2,3,4,5,6,7,8,9]),
maybe(4-4,[1,2,3,4,5,6,7,8,9]),
given(4-5,9),
maybe(4-6,[1,2,3,4,5,6,7,8,9]),
maybe(4-7,[1,2,3,4,5,6,7,8,9]),
maybe(4-8,[1,2,3,4,5,6,7,8,9]),
given(4-9,5),
given(5-1,8),
maybe(5-2,[1,2,3,4,5,6,7,8,9]),
maybe(5-3,[1,2,3,4,5,6,7,8,9]),
maybe(5-4,[1,2,3,4,5,6,7,8,9]),
given(5-5,1),
maybe(5-6,[1,2,3,4,5,6,7,8,9]),
maybe(5-7,[1,2,3,4,5,6,7,8,9]),
maybe(5-8,[1,2,3,4,5,6,7,8,9]),
given(5-9,3),
given(6-1,2),
maybe(6-2,[1,2,3,4,5,6,7,8,9]),
maybe(6-3,[1,2,3,4,5,6,7,8,9]),
maybe(6-4,[1,2,3,4,5,6,7,8,9]),
given(6-5,6),
maybe(6-6,[1,2,3,4,5,6,7,8,9]),
maybe(6-7,[1,2,3,4,5,6,7,8,9]),
maybe(6-8,[1,2,3,4,5,6,7,8,9]),
given(6-9,7),
maybe(7-1,[1,2,3,4,5,6,7,8,9]),
maybe(7-2,[1,2,3,4,5,6,7,8,9]),
given(7-3,3),
maybe(7-4,[1,2,3,4,5,6,7,8,9]),
maybe(7-5,[1,2,3,4,5,6,7,8,9]),
maybe(7-6,[1,2,3,4,5,6,7,8,9]),
maybe(7-7,[1,2,3,4,5,6,7,8,9]),
given(7-8,6),
maybe(7-9,[1,2,3,4,5,6,7,8,9]),
maybe(8-1,[1,2,3,4,5,6,7,8,9]),
maybe(8-2,[1,2,3,4,5,6,7,8,9]),
given(8-3,4),
given(8-4,7),
maybe(8-5,[1,2,3,4,5,6,7,8,9]),
maybe(8-6,[1,2,3,4,5,6,7,8,9]),
maybe(8-7,[1,2,3,4,5,6,7,8,9]),
given(8-8,2),
maybe(8-9,[1,2,3,4,5,6,7,8,9]),
maybe(9-1,[1,2,3,4,5,6,7,8,9]),
maybe(9-2,[1,2,3,4,5,6,7,8,9]),
maybe(9-3,[1,2,3,4,5,6,7,8,9]),
given(9-4,5),
given(9-5,3),
maybe(9-6,[1,2,3,4,5,6,7,8,9]),
given(9-7,9),
maybe(9-8,[1,2,3,4,5,6,7,8,9]),
maybe(9-9,[1,2,3,4,5,6,7,8,9]).